631.3009033203125
631.7654123889488
632.2299508401084
632.6945186737912
633.1591158899973
633.6237424887267
634.0883984699794
634.5530838337554
635.0177985800547
635.4825427088772
635.947316220223
636.4121191140921
636.8769513904845
637.3418130494001
637.806704090839
638.2716245148013
638.7365743212868
639.2015535102955
639.6665620818276
640.1316000358829
640.5966673724615
641.0617640915634
641.5268901931886
641.992045677337
642.4572305440088
642.9224447932038
643.3876884249221
643.8529614391637
644.3182638359285
644.7835956152167
645.2489567770281
645.7143473213628
646.1797672482207
646.645216557602
647.1106952495065
647.5762033239344
648.0417407808854
648.5073076203598
648.9729038423575
649.4385294468784
649.9041844339226
650.3698688034901
650.8355825555809
651.301325690195
651.7670982073323
652.2329001069929
652.6987313891768
653.164592053884
653.6304821011145
654.0964015308682
654.5623503431452
655.0283285379455
655.4943361152691
655.960373075116
656.4264394174861
656.8925351423795
657.3586602497962
657.8248147397362
658.2909986121995
658.757211867186
659.2234545046958
659.6897265247289
660.1560279272853
660.622358712365
661.0887188799679
661.5551084300942
662.0215273627437
662.4879756779164
662.9544533756125
663.4209604558318
663.8874969185745
664.3540627638404
664.8206579916296
665.287282601942
665.7539365947778
666.2206199701368
666.6873327280191
667.1540748684247
667.6208463913536
668.0876472968057
668.5544775847811
669.0213372552798
669.4882263083018
669.9551447438471
670.4220925619156
670.8890697625075
671.3560763456226
671.823112311261
672.2901776594226
672.7572723901076
673.2243965033158
673.6915499990473
674.1587328773021
674.6259451380802
675.0931867813815
675.5604578072061
676.0277582155541
676.4950880064252
676.9624471798197
677.4298357357375
677.8972536741785
678.3647009951428
678.8321776986304
679.2996837846413
679.7672192531754
680.2347841042329
680.7023783378136
681.1700019539176
681.6376549525448
682.1053373336954
682.5730490973692
683.0407902435663
683.5085607722867
683.9763606835304
684.4441899772974
684.9120486535876
685.3799367124011
685.8478541537379
686.315800977598
686.7837771839813
687.251782772888
687.7198177443179
688.1878820982711
688.6559758347476
689.1240989537473
689.5922514552703
690.0604333393167
690.5286446058863
690.9968852549791
691.4651552865953
691.9334547007347
692.4017834973974
692.8701416765834
693.3385292382927
693.8069461825253
694.2753925092811
694.7438682185602
695.2123733103626
695.6809077846883
696.1494716415373
696.6180648809095
697.086687502805
697.5553395072238
698.0240208941659
698.4927316636313
698.9614718156199
699.4302413501318
699.899040267167
700.3678685667255
700.8367262488073
701.3056133134123
701.7745297605406
702.2434755901922
702.7124508023671
703.1814553970653
703.6504893742867
704.1195527340315
704.5886454762995
705.0577676010907
705.5269191084053
705.9960999982432
706.4653102706043
706.9345499254887
707.4038189628964
707.8731173828273
708.3424451852816
708.8118023702591
709.2811889377599
709.750604887784
710.2200502203314
710.689524935402
711.1590290329959
711.6285625131131
712.0981253757536
712.5677176209174
713.0373392486044
713.5069902588148
713.9766706515484
714.4463804268053
714.9161195845854
715.3858881248889
715.8556860477156
716.3255133530656
716.7953700409389
717.2652561113355
717.7351715642553
718.2051163996985
718.6750906176649
719.1450942181546
719.6151272011675
720.0851895667038
720.5552813147633
721.0254024453461
721.4955529584522
721.9657328540816
722.4359421322342
722.9061807929102
723.3764488361094
723.8467462618319
724.3170730700776
724.7874292608467
725.257814834139
725.7282297899546
726.1986741282935
726.6691478491557
727.1396509525412
727.6101834384499
728.0807453068819
728.5513365578372
729.0219571913158
729.4926072073176
729.9632866058428
730.4339953868912
730.9047335504629
731.3755010965579
731.8462980251761
732.3171243363176
732.7879800299825
733.2588651061706
733.7297795648819
734.2007234061166
734.6716966298745
735.1426992361557
735.6137312249602
736.084792596288
736.5558833501391
737.0270034865134
737.498153005411
737.9693319068319
738.4405401907761
738.9117778572436
739.3830449062343
739.8543413377483
740.3256671517856
740.7970223483462
741.2684069274301
741.7398208890372
742.2112642331676
742.6827369598213
743.1542390689983
743.6257705606986
744.0973314349221
744.568921691669
745.040541330939
745.5121903527324
745.9838687570491
746.455576543889
746.9273137132523
747.3990802651388
747.8708761995485
748.3427015164816
748.814556215938
749.2864402979176
749.7583537624205
750.2302966094467
750.7022688389961
751.1742704510689
751.6463014456649
752.1183618227842
752.5904515824268
753.0625707245927
753.5347192492818
754.0068971564942
754.4791044462299
754.9513411184889
755.4236071732712
755.8959026105767
756.3682274304056
756.8405816327577
757.3129652176331
757.7853781850317
758.2578205349537
758.7302922673989
759.2027933823674
759.6753238798592
760.1478837598743
760.6204730224126
761.0930916674743
761.5657396950592
762.0384171051674
762.5111238977988
762.9838600729536
763.4566256306316
763.9294205708329
764.4022448935575
764.8750985988054
765.3479816865765
765.820894156871
766.2938360096887
766.7668072450297
767.2398078628939
767.7128378632815
768.1858972461923
768.6589860116264
769.1321041595838
769.6052516900645
770.0784286030685
770.5516348985957
771.0248705766462
771.49813563722
771.9714300803171
772.4447539059374
772.9181071140811
773.391489704748
773.8649016779382
774.3383430336517
774.8118137718884
775.2853138926484
775.7588433959318
776.2324022817384
776.7059905500682
777.1796082009214
777.6532552342978
778.1269316501975
778.6006374486205
779.0743726295668
779.5481371930364
780.0219311390292
780.4957544675453
780.9696071785847
781.4434892721474
781.9174007482334
782.3913416068426
782.8653118479751
783.3393114716309
783.81334047781
784.2873988665124
784.761486637738
785.2356037914869
785.7097503277591
786.1839262465546
786.6581315478734
787.1323662317154
787.6066302980807
788.0809237469693
788.5552465783812
789.0295987923164
789.5039803887748
789.9783913677566
790.4528317292616
790.9273014732898
791.4018005998414
791.8763291089163
792.3508870005144
792.8254742746358
793.3000909312805
793.7747369704484
794.2494123921397
794.7241171963542
795.198851383092
795.6736149523531
796.1484079041375
796.6232302384451
797.098081955276
797.5729630546302
798.0478735365077
798.5228134009085
798.9977826478325
799.4727812772799
799.9478092892505
800.4228666837444
800.8979534607615
801.373069620302
801.8482151623657
802.3233900869527
802.798594394063
803.2738280836966
803.7490911558534
804.2243836105336
804.699705447737
805.1750566674637
805.6504372697136
806.1258472544869
806.6012866217834
807.0767553716032
807.5522535039463
808.0277810188127
808.5033379162023
808.9789241961153
809.4545398585515
809.930184903511
810.4058593309937
810.8815631409998
811.3572963335291
811.8330589085817
812.3088508661576
812.7846722062568
813.2605229288793
813.736403034025
814.212312521694
814.6882513918863
815.1642196446019
815.6402172798407
816.1162442976029
816.5923006978883
817.068386480697
817.544501646029
818.0206461938842
818.4968201242627
818.9730234371646
819.4492561325897
819.925518210538
820.4018096710097
820.8781305140046
821.3544807395228
821.8308603475643
822.3072693381291
822.7837077112172
823.2601754668285
823.7366726049631
824.213199125621
824.6897550288022
825.1663403145067
825.6429549827344
826.1195990334854
826.5962724667597
827.0729752825573
827.5497074808782
828.0264690617223
828.5032600250897
828.9800803709804
829.4569300993944
829.9338092103317
830.4107177037922
830.887655579776
831.3646228382831
831.8416194793135
832.3186455028672
832.7957009089441
833.2727856975444
833.7498998686679
834.2270434223146
834.7042163584847
835.181418677178
835.6586503783947
836.1359114621346
836.6132019283978
837.0905217771842
837.567871008494
838.045249622327
838.5226576186833
839.0000949975629
839.4775617589657
839.9550579028919
840.4325834293413
840.910138338314
841.38772262981
841.8653363038293
842.3429793603718
842.8206517994377
843.2983536210268
843.7760848251392
844.2538454117748
844.7316353809338
845.209454732616
845.6873034668215
846.1651815835503
846.6430890828024
847.1210259645777
847.5989922288763
848.0769878756983
848.5550129050434
849.0330673169119
849.5111511113037
849.9892642882187
850.467406847657
850.9455787896186
851.4237801141035
851.9020108211116
852.380270910643
852.8585603826978
853.3368792372758
853.815227474377
854.2936050940016
854.7720120961494
855.2504484808205
855.7289142480149
856.2074093977326
856.6859339299735
857.1644878447378
857.6430711420253
858.1216838218361
858.6003258841702
859.0789973290275
859.5576981564082
860.0364283663121
860.5151879587393
860.9939769336897
861.4727952911635
861.9516430311605
862.4305201536808
862.9094266587244
863.3883625462913
863.8673278163815
864.3463224689949
864.8253465041316
865.3043999217916
865.7834827219749
866.2625949046815
866.7417364699113
867.2209074176644
867.7001077479408
868.1793374607405
868.6585965560635
869.1378850339097
869.6172028942792
870.096550137172
870.5759267625881
871.0553327705275
871.5347681609901
872.014232933976
872.4937270894852
872.9732506275177
873.4528035480735
873.9323858511525
874.4119975367548
874.8916386048804
875.3713090555293
875.8510088887015
876.3307381043969
876.8104967026156
877.2902846833576
877.7701020466229
878.2499487924115
878.7298249207233
879.2097304315585
879.6896653249169
880.1696296007985
880.6496232592035
881.1296463001318
881.6096987235833
882.0897805295581
882.5698917180562
883.0500322890775
883.5302022426222
884.0104015786901
884.4906302972813
884.9708883983958
885.4511758820336
885.9314927481946
886.4118389968789
886.8922146280865
887.3726196418174
887.8530540380716
888.333517816849
888.8140109781498
889.2945335219738
889.7750854483211
890.2556667571916
890.7362774485855
891.2169175225026
891.697586978943
892.1782858179067
892.6590140393937
893.139771643404
893.6205586299375
894.1013749989943
894.5822207505744
895.0630958846778
895.5440004013044
896.0249343004543
896.5058975821275
896.986890246324
897.4679122930438
897.9489637222869
898.4300445340532
898.9111547283428
899.3922943051557
899.8734632644919
900.3546616063513
900.8358893307341
901.3171464376401
901.7984329270694
902.279748799022
902.7610940534978
903.2424686904969
903.7238727100194
904.205306112065
904.686768896634
905.1682610637263
905.6497826133418
906.1313335454806
906.6129138601427
907.0945235573281
907.5761626370368
908.0578310992687
908.5395289440239
909.0212561713024
909.5030127811042
909.9847987734292
910.4666141482776
910.9484589056492
911.4303330455441
911.9122365679623
912.3941694729037
912.8761317603685
913.3581234303565
913.8401444828678
914.3221949179024
914.8042747354602
915.2863839355414
915.7685225181458
916.2506904832735
916.7328878309245
917.2151145610987
917.6973706737963
918.1796561690171
918.6619710467612
919.1443153070286
919.6266889498193
920.1090919751332
920.5915243829704
921.0739861733309
921.5564773462147
922.0389979016218
922.5215478395521
923.0041271600057
923.4867358629826
923.9693739484828
924.4520414165063
924.934738267053
925.4174645001231
925.9002201157164
926.383005113833
926.8658194944728
927.348663257636
927.8315364033224
928.3144389315321
928.7973708422651
929.2803321355213
929.7633228113009
930.2463428696037
930.7293923104298
931.2124711337792
931.6955793396519
932.1787169280478
932.6618838989671
933.1450802524096
933.6283059883754
934.1115611068644
934.5948456078768
935.0781594914124
935.5615027574713
936.0448754060535
936.528277437159
937.0117088507877
937.4951696469398
937.9786598256151
938.4621793868137
938.9457283305355
939.4293066567807
939.9129143655491
940.3965514568408
940.8802179306558
941.3639137869941
941.8476390258556
942.3313936472405
942.8151776511486
943.29899103758
943.7828338065347
944.2667059580126
944.7506074920138
945.2345384085384
945.7184987075861
946.2024883891572
946.6865074532516
947.1705558998692
947.6546337290101
948.1387409406743
948.6228775348618
949.1070435115726
949.5912388708066
950.0754636125639
950.5597177368445
951.0440012436484
951.5283141329755
952.012656404826
952.4970280591997
952.9814290960967
953.465859515517
953.9503193174605
954.4348085019274
954.9193270689175
955.4038750184309
955.8884523504676
956.3730590650275
956.8576951621108
957.3423606417173
957.8270555038471
958.3117797485002
958.7965333756765
959.2813163853762
959.7661287775991
960.2509705523453
960.7358417096148
961.2207422494075
961.7056721717236
962.1906314765629
962.6756201639255
963.1606382338114
963.6456856862205
964.130762521153
964.6158687386087
965.1010043385877
965.58616932109
966.0713636861155
966.5565874336644
967.0418405637365
967.5271230763319
968.0124349714506
968.4977762490926
968.9831469092578
969.4685469519463
969.9539763771581
970.4394351848932
970.9249233751516
971.4104409479332
971.8959879032382
972.3815642410664
972.8671699614179
973.3528050642926
973.8384695496907
974.324163417612
974.8098866680566
975.2956393010245
975.7814213165157
976.2672327145301
976.7530734950678
977.2389436581288
977.7248432037131
978.2107721318207
978.6967304424516
979.1827181356057
979.6687352112831
980.1547816694838
980.6408575102078
981.126962733455
981.6130973392255
982.0992613275193
982.5854546983364
983.0716774516768
983.5579295875405
984.0442111059274
984.5305220068376
985.0168622902711
985.5032319562279
985.9896310047079
986.4760594357112
986.9625172492379
987.4490044452878
987.9355210238609
988.4220669849574
988.9086423285771
989.3952470547201
989.8818811633864
990.368544654576
990.8552375282889
991.341959784525
991.8287114232844
992.3154924445671
992.8023028483731
993.2891426347023
993.7760118035549
994.2629103549307
994.7498382888298
995.2367956052522
995.7237823041978
996.2107983856667
996.697843849659
997.1849186961745
997.6720229252132
998.1591565367753
998.6463195308606
999.1335119074693
999.6207336666012
1000.1079848082563
1000.5952653324348
1001.0825752391365
1001.5699145283616
1002.0572832001099
1002.5446812543814
1003.0321086911763
1003.5195655104944
1004.0070517123359
1004.4945672967006
1004.9821122635885
1005.4696866129998
1005.9572903449343
1006.4449234593922
1006.9325859563733
1007.4202778358776
1007.9079990979053
1008.3957497424562
1008.8835297695305
1009.371339179128
1009.8591779712488
1010.3470461458928
1010.8349437030602
1011.3228706427508
1011.8108269649647
1012.2988126697019
1012.7868277569623
1013.2748722267461
1013.7629460790531
1014.2510493138834
1014.739181931237
1015.2273439311139
1015.715535313514
1016.2037560784374
1016.6920062258841
1017.1802857558541
1017.6685946683474
1018.1569329633639
1018.6453006409038
1019.1336977009669
1019.6221241435533
1020.1105799686629
1020.5990651762959
1021.0875797664521
1021.5761237391316
1022.0646970943344
1022.5532998320605
1023.0419319523098
1023.5305934550825
1024.0192843403784
1024.5080046081976
1024.99675425854
1025.4855332914058
1025.9743417067948
1026.463179504707
1026.9520466851427
1027.4409432481016
1027.9298691935837
1028.4188245215892
1028.9078092321179
1029.3968233251699
1029.8858668007451
1030.3749396588437
1030.8640418994655
1031.3531735226106
1031.842334528279
1032.3315249164707
1032.8207446871857
1033.3099938404239
1033.7992723761854
1034.2885802944702
1034.7779175952783
1035.2672842786096
1035.7566803444643
1036.2461057928422
1036.7355606237434
1037.2250448371678
1037.7145584331156
1038.2041014115866
1038.693673772581
1039.1832755160985
1039.6729066421394
1040.1625671507036
1040.652257041791
1041.1419763154017
1041.6317249715357
1042.121503010193
1042.6113104313736
1043.1011472350774
1043.5910134213045
1044.080908990055
1044.5708339413286
1045.0607882751256
1045.5507719914458
1046.0407850902893
1046.5308275716561
1047.0208994355462
1047.5110006819596
1048.0011313108962
1048.4912913223561
1048.9814807163393
1049.4716994928458
1049.9619476518756
1050.4522251934286
1050.942532117505
1051.4328684241045
1051.9232341132274
1052.4136291848736
1052.904053639043
1053.3945074757357
1053.8849906949517
1054.375503296691
1054.8660452809536
1055.3566166477394
1055.8472173970486
1056.337847528881
1056.8285070432366
1057.3191959401156
1057.8099142195179
1058.3006618814434
1058.7914389258922
1059.2822453528643
1059.7730811623596
1060.2639463543783
1060.7548409289202
1061.2457648859854
1061.736718225574
1062.2277009476857
1062.7187130523207
1063.209754539479
1063.7008254091606
1064.1919256613655
1064.6830552960937
1065.1742143133451
1065.6654027131199
1066.1566204954179
1066.6478676602392
1067.1391442075837
1067.6304501374516
1068.1217854498427
1068.6131501447571
1069.1045442221948
1069.5959676821558
1070.08742052464
1070.5789027496476
1071.0704143571784
1071.5619553472325
1072.0535257198098
1072.5451254749105
1073.0367546125344
1073.5284131326816
1074.0201010353521
1074.511818320546
1075.003564988263
1075.4953410385033
1075.987146471267
1076.4789812865538
1076.970845484364
1077.4627390646974
1077.9546620275541
1078.4466143729342
1078.9385961008375
1079.430607211264
1079.922647704214
1080.414717579687
1080.9068168376834
1081.3989454782031
1081.891103501246
1082.3832909068124
1082.875507694902
1083.3677538655147
1083.8600294186508
1084.3523343543102
1084.8446686724928
1085.3370323731988
1085.829425456428
1086.3218479221805
1086.8142997704563
1087.3067810012553
1087.7992916145777
1088.2918316104233
1088.7844009887922
1089.2769997496844
1089.7696278930998
1090.2622854190386
1090.7549723275006
1091.2476886184859
1091.7404342919945
1092.2332093480263
1092.7260137865815
1093.2188476076599
1093.7117108112616
1094.2046033973866
1094.6975253660348
1095.1904767172064
1095.6834574509012
1096.1764675671193
1096.6695070658607
1097.1625759471253
1097.6556742109133
1098.1488018572245
1098.641958886059
1099.1351452974168
1099.6283610912978
1100.1216062677022
1100.6148808266298
1101.1081847680807
1101.601518092055
1102.0948807985524
1102.588272887573
1103.0816943591171
1103.5751452131844
1104.068625449775
1104.562135068889
1105.055674070526
1105.5492424546865
1106.0428402213702
1106.5364673705772
1107.0301239023074
1107.523809816561
1108.0175251133378
1108.511269792638
1109.0050438544613
1109.498847298808
1109.992680125678
1110.4865423350711
1110.9804339269876
1111.4743549014274
1111.9683052583905
1112.4622849978768
1112.9562941198865
1113.4503326244194
1113.9444005114756
1114.438497781055
1114.9326244331578
1115.4267804677838
1115.9209658849331
1116.4151806846057
1116.9094248668016
1117.4036984315208
1117.8980013787632
1118.392333708529
1118.886695420818
1119.3810865156302
1119.8755069929657
1120.3699568528245
1120.8644360952067
1121.358944720112
1121.8534827275407